 0.0000  2.1829 
 0.1000  2.1834 
 0.2000  2.1850 
 0.3000  2.1876 
 0.4000  2.1912 
 0.5000  2.1959 
 0.6000  2.2015 
 0.7000  2.2081 
 0.8000  2.2157 
 0.9000  2.2242 
 1.0000  2.2336 
 1.1000  2.2438 
 1.2000  2.2549 
 1.3000  2.2668 
 1.4000  2.2795 
 1.5000  2.2929 
 1.6000  2.3070 
 1.7000  2.3218 
 1.8000  2.3373 
 1.9000  2.3534 
 2.0000  2.3702 
 2.1000  2.3875 
 2.2000  2.4053 
 2.3000  2.4237 
 2.4000  2.4426 
 2.5000  2.4620 
 2.6000  2.4819 
 2.7000  2.5022 
 2.8000  2.5230 
 2.9000  2.5442 
 3.0000  2.5657 
 3.1000  2.5877 
 3.2000  2.6100 
 3.3000  2.6327 
 3.4000  2.6557 
 3.5000  2.6790 
 3.6000  2.7026 
 3.7000  2.7266 
 3.8000  2.7508 
 3.9000  2.7753 
 4.0000  2.8001 
 4.1000  2.8251 
 4.2000  2.8503 
 4.3000  2.8758 
 4.4000  2.9015 
 4.5000  2.9274 
 4.6000  2.9536 
 4.7000  2.9799 
 4.8000  3.0064 
 4.9000  3.0331 
 5.0000  3.0600 
