i=6
     2    -1     0     0     0     0
    -1     2    -1     0     0     0
     0    -1     2    -1     0     0
     0     0    -1     2    -1     0
     0     0     0    -1     2    -1
     0     0     0     0    -1     2

i=6
     2    -1     0     0     0     0
    -1     2    -1     0     0     0
     0    -1     2    -1     0     0
     0     0    -1     2    -1     0
     0     0     0    -1     2    -1
     0     0     0     0    -1     2

i=6
     2    -1     0     0     0     0
    -1     2    -1     0     0     0
     0    -1     2    -1     0     0
     0     0    -1     2    -1     0
     0     0     0    -1     2    -1
     0     0     0     0    -1     2

i=6
     2    -1     0     0     0     0
    -1     2    -1     0     0     0
     0    -1     2    -1     0     0
     0     0    -1     2    -1     0
     0     0     0    -1     2    -1
     0     0     0     0    -1     2

i=10
     2    -1     0     0     0     0
    -1     2    -1     0     0     0
     0    -1     2    -1     0     0
     0     0    -1     2    -1     0
     0     0     0    -1     2    -1
     0     0     0     0    -1     2

i=20
     2    -1     0     0     0     0
    -1     2    -1     0     0     0
     0    -1     2    -1     0     0
     0     0    -1     2    -1     0
     0     0     0    -1     2    -1
     0     0     0     0    -1     2

i=30
     2    -1     0     0     0     0
    -1     2    -1     0     0     0
     0    -1     2    -1     0     0
     0     0    -1     2    -1     0
     0     0     0    -1     2    -1
     0     0     0     0    -1     2

i=40
     2    -1     0     0     0     0
    -1     2    -1     0     0     0
     0    -1     2    -1     0     0
     0     0    -1     2    -1     0
     0     0     0    -1     2    -1
     0     0     0     0    -1     2

i=10
  Columns 1 through 3

     3.733654673503757e+00    -1.842232257827359e-01    -3.160270316175850e-16
    -1.842232257827355e-01     3.288428462862535e+00    -1.481269344716077e-01
                         0    -1.481269344716071e-01     2.470583101105736e+00
                         0                         0    -3.416670676861210e-02
                         0                         0                         0
                         0                         0                         0

  Columns 4 through 6

     8.592162753145924e-17     1.370639070630005e-16     5.009065386388349e-17
    -4.029273430544265e-16    -1.726672941477042e-16    -3.683799498408097e-16
    -3.416670676861262e-02     4.081680897548765e-17     4.252945874909425e-16
     1.556247348115488e+00    -1.735712306085321e-03    -1.202717963674142e-17
    -1.735712306084959e-03     7.530241502127984e-01    -1.584714437415832e-06
                         0    -1.584714437198220e-06     1.980622641996870e-01

i=20
  Columns 1 through 3

     3.798685446816211e+00    -4.236064147318520e-02    -2.344179898897665e-16
    -4.236064147318475e-02     3.250143551327985e+00    -8.426546797724107e-03
                         0    -8.426546797723472e-03     2.445130060221665e+00
                         0                         0    -3.642675679134603e-04
                         0                         0                         0
                         0                         0                         0

  Columns 4 through 6

     1.731920923047065e-16     1.808513972657930e-16     1.605153826177872e-16
    -2.952051624060076e-16    -1.341976104239213e-16    -4.062582308628257e-16
    -3.642675679140338e-04     2.646958076361359e-17     3.583417965232433e-16
     1.554958281154561e+00    -1.230402289188943e-06     3.200437880642436e-18
    -1.230402288827793e-06     7.530203962844213e-01    -2.511525715861573e-12
                         0    -2.511308096040040e-12     1.980622641951618e-01

i=30
  Columns 1 through 3

     3.801798386628221e+00    -8.792812850030154e-03    -2.003385981587239e-16
    -8.792812850029664e-03     3.247118650271998e+00    -4.926549580476578e-04
                         0    -4.926549580470132e-04     2.445042170517260e+00
                         0                         0    -3.942037669405446e-06
                         0                         0                         0
                         0                         0                         0

  Columns 4 through 6

     1.905437493457872e-16     1.886775442294215e-16     1.850084066918093e-16
    -2.787273793893732e-16    -1.232202575768895e-16    -3.992747355254111e-16
    -3.942037669981792e-06     2.534089578962567e-17     3.543591570054364e-16
     1.554958132104831e+00    -8.728259917536406e-10     3.345025799763900e-18
    -8.728256306141142e-10     7.530203962825334e-01    -2.215995133927910e-16
                         0    -3.979696884747089e-18     1.980622641951618e-01

i=40
  Columns 1 through 3

     3.801931796987539e+00    -1.815422729932600e-03    -1.924996279009806e-16
    -1.815422729932119e-03     3.246985541494911e+00    -2.887740801949497e-05
                         0    -2.887740801884778e-05     2.445041868952486e+00
                         0                         0    -4.266234130841575e-08
                         0                         0                         0
                         0                         0                         0

  Columns 4 through 6

     1.940306841984802e-16     1.902122310525056e-16     1.900160486137190e-16
    -2.759787398118627e-16    -1.208525060072803e-16    -3.971215073077991e-16
    -4.266234188492504e-08     2.527187606144356e-17     3.541288415918169e-16
     1.554958132087374e+00    -6.195282623561107e-13     3.346577948609732e-18
    -6.191671229403455e-13     7.530203962825334e-01    -2.176198228110732e-16
                         0    -6.306668353221371e-24     1.980622641951618e-01

i=10
  Columns 1 through 3

     3.733654673503757e+00    -1.842232257827359e-01    -3.160270316175850e-16
    -1.842232257827355e-01     3.288428462862535e+00    -1.481269344716077e-01
                         0    -1.481269344716071e-01     2.470583101105736e+00
                         0                         0    -3.416670676861210e-02
                         0                         0                         0
                         0                         0                         0

  Columns 4 through 6

     8.592162753145924e-17     1.370639070630005e-16     5.009065386388349e-17
    -4.029273430544265e-16    -1.726672941477042e-16    -3.683799498408097e-16
    -3.416670676861262e-02     4.081680897548765e-17     4.252945874909425e-16
     1.556247348115488e+00    -1.735712306085321e-03    -1.202717963674142e-17
    -1.735712306084959e-03     7.530241502127984e-01    -1.584714437415832e-06
                         0    -1.584714437198220e-06     1.980622641996870e-01

i=20
  Columns 1 through 3

     3.798685446816211e+00    -4.236064147318520e-02    -2.344179898897665e-16
    -4.236064147318475e-02     3.250143551327985e+00    -8.426546797724107e-03
                         0    -8.426546797723472e-03     2.445130060221665e+00
                         0                         0    -3.642675679134603e-04
                         0                         0                         0
                         0                         0                         0

  Columns 4 through 6

     1.731920923047065e-16     1.808513972657930e-16     1.605153826177872e-16
    -2.952051624060076e-16    -1.341976104239213e-16    -4.062582308628257e-16
    -3.642675679140338e-04     2.646958076361359e-17     3.583417965232433e-16
     1.554958281154561e+00    -1.230402289188943e-06     3.200437880642436e-18
    -1.230402288827793e-06     7.530203962844213e-01    -2.511525715861573e-12
                         0    -2.511308096040040e-12     1.980622641951618e-01

i=30
  Columns 1 through 3

     3.801798386628221e+00    -8.792812850030154e-03    -2.003385981587239e-16
    -8.792812850029664e-03     3.247118650271998e+00    -4.926549580476578e-04
                         0    -4.926549580470132e-04     2.445042170517260e+00
                         0                         0    -3.942037669405446e-06
                         0                         0                         0
                         0                         0                         0

  Columns 4 through 6

     1.905437493457872e-16     1.886775442294215e-16     1.850084066918093e-16
    -2.787273793893732e-16    -1.232202575768895e-16    -3.992747355254111e-16
    -3.942037669981792e-06     2.534089578962567e-17     3.543591570054364e-16
     1.554958132104831e+00    -8.728259917536406e-10     3.345025799763900e-18
    -8.728256306141142e-10     7.530203962825334e-01    -2.215995133927910e-16
                         0    -3.979696884747089e-18     1.980622641951618e-01

i=40
  Columns 1 through 3

     3.801931796987539e+00    -1.815422729932600e-03    -1.924996279009806e-16
    -1.815422729932119e-03     3.246985541494911e+00    -2.887740801949497e-05
                         0    -2.887740801884778e-05     2.445041868952486e+00
                         0                         0    -4.266234130841575e-08
                         0                         0                         0
                         0                         0                         0

  Columns 4 through 6

     1.940306841984802e-16     1.902122310525056e-16     1.900160486137190e-16
    -2.759787398118627e-16    -1.208525060072803e-16    -3.971215073077991e-16
    -4.266234188492504e-08     2.527187606144356e-17     3.541288415918169e-16
     1.554958132087374e+00    -6.195282623561107e-13     3.346577948609732e-18
    -6.191671229403455e-13     7.530203962825334e-01    -2.176198228110732e-16
                         0    -6.306668353221371e-24     1.980622641951618e-01

i=10
  Columns 1 through 3

     3.733654673503757e+00    -1.842232257827359e-01    -3.160270316175850e-16
    -1.842232257827355e-01     3.288428462862535e+00    -1.481269344716077e-01
                         0    -1.481269344716071e-01     2.470583101105736e+00
                         0                         0    -3.416670676861210e-02
                         0                         0                         0
                         0                         0                         0

  Columns 4 through 6

     8.592162753145924e-17     1.370639070630005e-16     5.009065386388349e-17
    -4.029273430544265e-16    -1.726672941477042e-16    -3.683799498408097e-16
    -3.416670676861262e-02     4.081680897548765e-17     4.252945874909425e-16
     1.556247348115488e+00    -1.735712306085321e-03    -1.202717963674142e-17
    -1.735712306084959e-03     7.530241502127984e-01    -1.584714437415832e-06
                         0    -1.584714437198220e-06     1.980622641996870e-01

i=20
  Columns 1 through 3

     3.798685446816211e+00    -4.236064147318520e-02    -2.344179898897665e-16
    -4.236064147318475e-02     3.250143551327985e+00    -8.426546797724107e-03
                         0    -8.426546797723472e-03     2.445130060221665e+00
                         0                         0    -3.642675679134603e-04
                         0                         0                         0
                         0                         0                         0

  Columns 4 through 6

     1.731920923047065e-16     1.808513972657930e-16     1.605153826177872e-16
    -2.952051624060076e-16    -1.341976104239213e-16    -4.062582308628257e-16
    -3.642675679140338e-04     2.646958076361359e-17     3.583417965232433e-16
     1.554958281154561e+00    -1.230402289188943e-06     3.200437880642436e-18
    -1.230402288827793e-06     7.530203962844213e-01    -2.511525715861573e-12
                         0    -2.511308096040040e-12     1.980622641951618e-01

i=30
  Columns 1 through 3

     3.801798386628221e+00    -8.792812850030154e-03    -2.003385981587239e-16
    -8.792812850029664e-03     3.247118650271998e+00    -4.926549580476578e-04
                         0    -4.926549580470132e-04     2.445042170517260e+00
                         0                         0    -3.942037669405446e-06
                         0                         0                         0
                         0                         0                         0

  Columns 4 through 6

     1.905437493457872e-16     1.886775442294215e-16     1.850084066918093e-16
    -2.787273793893732e-16    -1.232202575768895e-16    -3.992747355254111e-16
    -3.942037669981792e-06     2.534089578962567e-17     3.543591570054364e-16
     1.554958132104831e+00    -8.728259917536406e-10     3.345025799763900e-18
    -8.728256306141142e-10     7.530203962825334e-01    -2.215995133927910e-16
                         0    -3.979696884747089e-18     1.980622641951618e-01

i=40
  Columns 1 through 3

     3.801931796987539e+00    -1.815422729932600e-03    -1.924996279009806e-16
    -1.815422729932119e-03     3.246985541494911e+00    -2.887740801949497e-05
                         0    -2.887740801884778e-05     2.445041868952486e+00
                         0                         0    -4.266234130841575e-08
                         0                         0                         0
                         0                         0                         0

  Columns 4 through 6

     1.940306841984802e-16     1.902122310525056e-16     1.900160486137190e-16
    -2.759787398118627e-16    -1.208525060072803e-16    -3.971215073077991e-16
    -4.266234188492504e-08     2.527187606144356e-17     3.541288415918169e-16
     1.554958132087374e+00    -6.195282623561107e-13     3.346577948609732e-18
    -6.191671229403455e-13     7.530203962825334e-01    -2.176198228110732e-16
                         0    -6.306668353221371e-24     1.980622641951618e-01

i=10
    12

i=20
     1.200000000000000e+01

i=30
     1.200000000000001e+01

i=40
     1.200000000000001e+01

i=10
     3.733654673503757e+00
     3.288428462862535e+00
     2.470583101105736e+00
     1.556247348115488e+00
     7.530241502127984e-01
     1.980622641996870e-01

i=20
     3.798685446816211e+00
     3.250143551327985e+00
     2.445130060221665e+00
     1.554958281154561e+00
     7.530203962844213e-01
     1.980622641951618e-01

i=30
     3.801798386628221e+00
     3.247118650271998e+00
     2.445042170517260e+00
     1.554958132104831e+00
     7.530203962825334e-01
     1.980622641951618e-01

i=40
     3.801931796987539e+00
     3.246985541494911e+00
     2.445041868952486e+00
     1.554958132087374e+00
     7.530203962825334e-01
     1.980622641951618e-01

i=10
     3.733654673503757e+00
     3.288428462862535e+00
     2.470583101105736e+00
     1.556247348115488e+00
     7.530241502127984e-01
     1.980622641996870e-01

i=20
     3.798685446816211e+00
     3.250143551327985e+00
     2.445130060221665e+00
     1.554958281154561e+00
     7.530203962844213e-01
     1.980622641951618e-01

i=30
     3.801798386628221e+00
     3.247118650271998e+00
     2.445042170517260e+00
     1.554958132104831e+00
     7.530203962825334e-01
     1.980622641951618e-01

i=40
     3.801931796987539e+00
     3.246985541494911e+00
     2.445041868952486e+00
     1.554958132087374e+00
     7.530203962825334e-01
     1.980622641951618e-01

i=10
     1.980622641996870e-01
     7.530241502127984e-01
     1.556247348115488e+00
     2.470583101105736e+00
     3.288428462862535e+00
     3.733654673503757e+00

i=20
     1.980622641951618e-01
     7.530203962844213e-01
     1.554958281154561e+00
     2.445130060221665e+00
     3.250143551327985e+00
     3.798685446816211e+00

i=30
     1.980622641951618e-01
     7.530203962825334e-01
     1.554958132104831e+00
     2.445042170517260e+00
     3.247118650271998e+00
     3.801798386628221e+00

i=40
     1.980622641951618e-01
     7.530203962825334e-01
     1.554958132087374e+00
     2.445041868952486e+00
     3.246985541494911e+00
     3.801931796987539e+00

i=10
     1.980622641996870e-01
     7.530241502127984e-01
     1.556247348115488e+00
     2.470583101105736e+00
     3.288428462862535e+00
     3.733654673503757e+00

     8.387252951190213e-02

i=20
     1.980622641951618e-01
     7.530203962844213e-01
     1.554958281154561e+00
     2.445130060221665e+00
     3.250143551327985e+00
     3.798685446816211e+00

     4.538251431250104e-03

i=30
     1.980622641951618e-01
     7.530203962825334e-01
     1.554958132104831e+00
     2.445042170517260e+00
     3.247118650271998e+00
     3.801798386628221e+00

     1.968558582328937e-04

i=40
     1.980622641951618e-01
     7.530203962825334e-01
     1.554958132087374e+00
     2.445041868952486e+00
     3.246985541494911e+00
     3.801931796987539e+00

     8.398020776903530e-06

i=10
     1.980622641996870e-01
     7.530241502127984e-01
     1.556247348115488e+00
     2.470583101105736e+00
     3.288428462862535e+00
     3.733654673503757e+00

norm (convergence):
     8.387252951190213e-02

i=20
     1.980622641951618e-01
     7.530203962844213e-01
     1.554958281154561e+00
     2.445130060221665e+00
     3.250143551327985e+00
     3.798685446816211e+00

norm (convergence):
     4.538251431250104e-03

i=30
     1.980622641951618e-01
     7.530203962825334e-01
     1.554958132104831e+00
     2.445042170517260e+00
     3.247118650271998e+00
     3.801798386628221e+00

norm (convergence):
     1.968558582328937e-04

i=40
     1.980622641951618e-01
     7.530203962825334e-01
     1.554958132087374e+00
     2.445041868952486e+00
     3.246985541494911e+00
     3.801931796987539e+00

norm (convergence):
     8.398020776903530e-06

i=10
     1.980622641996870e-01
     7.530241502127984e-01
     1.556247348115488e+00
     2.470583101105736e+00
     3.288428462862535e+00
     3.733654673503757e+00

norm (convergence):     8.387252951190213e-02

i=20
     1.980622641951618e-01
     7.530203962844213e-01
     1.554958281154561e+00
     2.445130060221665e+00
     3.250143551327985e+00
     3.798685446816211e+00

norm (convergence):     4.538251431250104e-03

i=30
     1.980622641951618e-01
     7.530203962825334e-01
     1.554958132104831e+00
     2.445042170517260e+00
     3.247118650271998e+00
     3.801798386628221e+00

norm (convergence):     1.968558582328937e-04

i=40
     1.980622641951618e-01
     7.530203962825334e-01
     1.554958132087374e+00
     2.445041868952486e+00
     3.246985541494911e+00
     3.801931796987539e+00

norm (convergence):     8.398020776903530e-06

i=10
     3.819660112678279e-01
     1.381983486359369e+00
     2.622055506837488e+00
     3.613994995535316e+00

norm (convergence):     5.699682385510402e-03

i=20
     3.819660112501054e-01
     1.381966011299297e+00
     2.618040270413492e+00
     3.618027707037105e+00

norm (convergence):     8.883648637578583e-06

i=30
     3.819660112501054e-01
     1.381966011250106e+00
     2.618033998480362e+00
     3.618033979019426e+00

norm (convergence):     1.376095979532901e-08

i=40
     3.819660112501054e-01
     1.381966011250106e+00
     2.618033988764971e+00
     3.618033988734819e+00

norm (convergence):     2.132059952139035e-11

problem4a
i=10
  Columns 1 through 3

     3.613994995535316e+00    -6.342484720698278e-02     1.401121652403552e-17
    -6.342484720698234e-02     2.622055506837488e+00    -4.651798208616937e-03
                         0    -4.651798208616339e-03     1.381983486359369e+00
                         0                         0    -4.209827327703661e-06

  Column 4

     1.902247916848588e-16
    -8.705123035054955e-17
    -4.209827327720278e-06
     3.819660112678279e-01

     3.819660112678279e-01
     1.381983486359369e+00
     2.622055506837488e+00
     3.613994995535316e+00

norm (convergence):     5.699682385510402e-03

i=20
  Columns 1 through 3

     3.618027707037105e+00    -2.506326660110953e-03     4.873429373194666e-17
    -2.506326660110472e-03     2.618040270413492e+00    -7.797768720901538e-06
                         0    -7.797768720305928e-06     1.381966011299297e+00
                         0                         0    -1.095304298111726e-11

  Column 4

     1.951827147497314e-16
    -7.521493767660519e-17
    -1.095305990487345e-11
     3.819660112501054e-01

     3.819660112501054e-01
     1.381966011299297e+00
     2.618040270413492e+00
     3.618027707037105e+00

norm (convergence):     8.883648637578583e-06

i=30
  Columns 1 through 3

     3.618033979019426e+00    -9.864311507265428e-05     5.016516638689464e-17
    -9.864311507217128e-05     2.618033998480362e+00    -1.309754266965650e-08
                         0    -1.309754207416182e-08     1.381966011250106e+00
                         0                         0    -2.849760534188853e-17

  Column 4

     1.953632432592062e-16
    -7.474467328221039e-17
    -4.542183385280573e-17
     3.819660112501054e-01

     3.819660112501054e-01
     1.381966011250106e+00
     2.618033998480362e+00
     3.618033979019426e+00

norm (convergence):     1.376095979532901e-08

i=40
  Columns 1 through 3

     3.618033988734819e+00    -3.882336397982546e-06     5.022159059239212e-17
    -3.882336397499482e-06     2.618033988764971e+00    -2.199998424655865e-11
                         0    -2.199938875663533e-11     1.381966011250106e+00
                         0                         0    -7.414501263605475e-23

  Column 4

     1.953703252455340e-16
    -7.472615999443840e-17
    -1.692430344651314e-17
     3.819660112501054e-01

     3.819660112501054e-01
     1.381966011250106e+00
     2.618033988764971e+00
     3.618033988734819e+00

norm (convergence):     2.132059952139035e-11

problem4a
i=10
  Columns 1 through 3

     3.613994995535316e+00    -6.342484720698278e-02     1.401121652403552e-17
    -6.342484720698234e-02     2.622055506837488e+00    -4.651798208616937e-03
                         0    -4.651798208616339e-03     1.381983486359369e+00
                         0                         0    -4.209827327703661e-06

  Column 4

     1.902247916848588e-16
    -8.705123035054955e-17
    -4.209827327720278e-06
     3.819660112678279e-01

     3.819660112678279e-01
     1.381983486359369e+00
     2.622055506837488e+00
     3.613994995535316e+00

norm (convergence):     5.699682385510402e-03

i=20
  Columns 1 through 3

     3.618027707037105e+00    -2.506326660110953e-03     4.873429373194666e-17
    -2.506326660110472e-03     2.618040270413492e+00    -7.797768720901538e-06
                         0    -7.797768720305928e-06     1.381966011299297e+00
                         0                         0    -1.095304298111726e-11

  Column 4

     1.951827147497314e-16
    -7.521493767660519e-17
    -1.095305990487345e-11
     3.819660112501054e-01

     3.819660112501054e-01
     1.381966011299297e+00
     2.618040270413492e+00
     3.618027707037105e+00

norm (convergence):     8.883648637578583e-06

i=30
  Columns 1 through 3

     3.618033979019426e+00    -9.864311507265428e-05     5.016516638689464e-17
    -9.864311507217128e-05     2.618033998480362e+00    -1.309754266965650e-08
                         0    -1.309754207416182e-08     1.381966011250106e+00
                         0                         0    -2.849760534188853e-17

  Column 4

     1.953632432592062e-16
    -7.474467328221039e-17
    -4.542183385280573e-17
     3.819660112501054e-01

     3.819660112501054e-01
     1.381966011250106e+00
     2.618033998480362e+00
     3.618033979019426e+00

norm (convergence):     1.376095979532901e-08

i=40
  Columns 1 through 3

     3.618033988734819e+00    -3.882336397982546e-06     5.022159059239212e-17
    -3.882336397499482e-06     2.618033988764971e+00    -2.199998424655865e-11
                         0    -2.199938875663533e-11     1.381966011250106e+00
                         0                         0    -7.414501263605475e-23

  Column 4

     1.953703252455340e-16
    -7.472615999443840e-17
    -1.692430344651314e-17
     3.819660112501054e-01

     3.819660112501054e-01
     1.381966011250106e+00
     2.618033988764971e+00
     3.618033988734819e+00

norm (convergence):     2.132059952139035e-11

problem4a
i=10
  Columns 1 through 3

     3.613994995535316e+00    -6.342484720698278e-02     1.401121652403552e-17
    -6.342484720698234e-02     2.622055506837488e+00    -4.651798208616937e-03
                         0    -4.651798208616339e-03     1.381983486359369e+00
                         0                         0    -4.209827327703661e-06

  Column 4

     1.902247916848588e-16
    -8.705123035054955e-17
    -4.209827327720278e-06
     3.819660112678279e-01

     3.819660112678279e-01
     1.381983486359369e+00
     2.622055506837488e+00
     3.613994995535316e+00

norm (convergence):     5.699682385510402e-03

i=20
  Columns 1 through 3

     3.618027707037105e+00    -2.506326660110953e-03     4.873429373194666e-17
    -2.506326660110472e-03     2.618040270413492e+00    -7.797768720901538e-06
                         0    -7.797768720305928e-06     1.381966011299297e+00
                         0                         0    -1.095304298111726e-11

  Column 4

     1.951827147497314e-16
    -7.521493767660519e-17
    -1.095305990487345e-11
     3.819660112501054e-01

     3.819660112501054e-01
     1.381966011299297e+00
     2.618040270413492e+00
     3.618027707037105e+00

norm (convergence):     8.883648637578583e-06

i=30
  Columns 1 through 3

     3.618033979019426e+00    -9.864311507265428e-05     5.016516638689464e-17
    -9.864311507217128e-05     2.618033998480362e+00    -1.309754266965650e-08
                         0    -1.309754207416182e-08     1.381966011250106e+00
                         0                         0    -2.849760534188853e-17

  Column 4

     1.953632432592062e-16
    -7.474467328221039e-17
    -4.542183385280573e-17
     3.819660112501054e-01

     3.819660112501054e-01
     1.381966011250106e+00
     2.618033998480362e+00
     3.618033979019426e+00

norm (convergence):     1.376095979532901e-08

i=40
  Columns 1 through 3

     3.618033988734819e+00    -3.882336397982546e-06     5.022159059239212e-17
    -3.882336397499482e-06     2.618033988764971e+00    -2.199998424655865e-11
                         0    -2.199938875663533e-11     1.381966011250106e+00
                         0                         0    -7.414501263605475e-23

  Column 4

     1.953703252455340e-16
    -7.472615999443840e-17
    -1.692430344651314e-17
     3.819660112501054e-01

     3.819660112501054e-01
     1.381966011250106e+00
     2.618033988764971e+00
     3.618033988734819e+00

norm (convergence):     2.132059952139035e-11

problem4a
i=10
     3.613994995535316e+00    -6.342484720698278e-02     1.401121652403552e-17     1.902247916848588e-16
    -6.342484720698234e-02     2.622055506837488e+00    -4.651798208616937e-03    -8.705123035054955e-17
                         0    -4.651798208616339e-03     1.381983486359369e+00    -4.209827327720278e-06
                         0                         0    -4.209827327703661e-06     3.819660112678279e-01

     3.819660112678279e-01
     1.381983486359369e+00
     2.622055506837488e+00
     3.613994995535316e+00

norm (convergence):     5.699682385510402e-03

i=20
     3.618027707037105e+00    -2.506326660110953e-03     4.873429373194666e-17     1.951827147497314e-16
    -2.506326660110472e-03     2.618040270413492e+00    -7.797768720901538e-06    -7.521493767660519e-17
                         0    -7.797768720305928e-06     1.381966011299297e+00    -1.095305990487345e-11
                         0                         0    -1.095304298111726e-11     3.819660112501054e-01

     3.819660112501054e-01
     1.381966011299297e+00
     2.618040270413492e+00
     3.618027707037105e+00

norm (convergence):     8.883648637578583e-06

i=30
     3.618033979019426e+00    -9.864311507265428e-05     5.016516638689464e-17     1.953632432592062e-16
    -9.864311507217128e-05     2.618033998480362e+00    -1.309754266965650e-08    -7.474467328221039e-17
                         0    -1.309754207416182e-08     1.381966011250106e+00    -4.542183385280573e-17
                         0                         0    -2.849760534188853e-17     3.819660112501054e-01

     3.819660112501054e-01
     1.381966011250106e+00
     2.618033998480362e+00
     3.618033979019426e+00

norm (convergence):     1.376095979532901e-08

i=40
     3.618033988734819e+00    -3.882336397982546e-06     5.022159059239212e-17     1.953703252455340e-16
    -3.882336397499482e-06     2.618033988764971e+00    -2.199998424655865e-11    -7.472615999443840e-17
                         0    -2.199938875663533e-11     1.381966011250106e+00    -1.692430344651314e-17
                         0                         0    -7.414501263605475e-23     3.819660112501054e-01

     3.819660112501054e-01
     1.381966011250106e+00
     2.618033988764971e+00
     3.618033988734819e+00

norm (convergence):     2.132059952139035e-11

problem4a
i=10
     3.613994995535316e+00    -6.342484720698278e-02     1.401121652403552e-17     1.902247916848588e-16
    -6.342484720698234e-02     2.622055506837488e+00    -4.651798208616937e-03    -8.705123035054955e-17
                         0    -4.651798208616339e-03     1.381983486359369e+00    -4.209827327720278e-06
                         0                         0    -4.209827327703661e-06     3.819660112678279e-01

norm (convergence):     5.699682385510402e-03

i=20
     3.618027707037105e+00    -2.506326660110953e-03     4.873429373194666e-17     1.951827147497314e-16
    -2.506326660110472e-03     2.618040270413492e+00    -7.797768720901538e-06    -7.521493767660519e-17
                         0    -7.797768720305928e-06     1.381966011299297e+00    -1.095305990487345e-11
                         0                         0    -1.095304298111726e-11     3.819660112501054e-01

norm (convergence):     8.883648637578583e-06

i=30
     3.618033979019426e+00    -9.864311507265428e-05     5.016516638689464e-17     1.953632432592062e-16
    -9.864311507217128e-05     2.618033998480362e+00    -1.309754266965650e-08    -7.474467328221039e-17
                         0    -1.309754207416182e-08     1.381966011250106e+00    -4.542183385280573e-17
                         0                         0    -2.849760534188853e-17     3.819660112501054e-01

norm (convergence):     1.376095979532901e-08

i=40
     3.618033988734819e+00    -3.882336397982546e-06     5.022159059239212e-17     1.953703252455340e-16
    -3.882336397499482e-06     2.618033988764971e+00    -2.199998424655865e-11    -7.472615999443840e-17
                         0    -2.199938875663533e-11     1.381966011250106e+00    -1.692430344651314e-17
                         0                         0    -7.414501263605475e-23     3.819660112501054e-01

norm (convergence):     2.132059952139035e-11

problem4a
i=10
     3.613994995535316e+00    -6.342484720698278e-02     1.401121652403552e-17     1.902247916848588e-16
    -6.342484720698234e-02     2.622055506837488e+00    -4.651798208616937e-03    -8.705123035054955e-17
                         0    -4.651798208616339e-03     1.381983486359369e+00    -4.209827327720278e-06
                         0                         0    -4.209827327703661e-06     3.819660112678279e-01

norm (convergence):     5.699682385510402e-03

norm (T):     7.612740175968654e-16

i=20
     3.618027707037105e+00    -2.506326660110953e-03     4.873429373194666e-17     1.951827147497314e-16
    -2.506326660110472e-03     2.618040270413492e+00    -7.797768720901538e-06    -7.521493767660519e-17
                         0    -7.797768720305928e-06     1.381966011299297e+00    -1.095305990487345e-11
                         0                         0    -1.095304298111726e-11     3.819660112501054e-01

norm (convergence):     8.883648637578583e-06

norm (T):     7.843257932310707e-16

i=30
     3.618033979019426e+00    -9.864311507265428e-05     5.016516638689464e-17     1.953632432592062e-16
    -9.864311507217128e-05     2.618033998480362e+00    -1.309754266965650e-08    -7.474467328221039e-17
                         0    -1.309754207416182e-08     1.381966011250106e+00    -4.542183385280573e-17
                         0                         0    -2.849760534188853e-17     3.819660112501054e-01

norm (convergence):     1.376095979532901e-08

norm (T):     7.853547031977556e-16

i=40
     3.618033988734819e+00    -3.882336397982546e-06     5.022159059239212e-17     1.953703252455340e-16
    -3.882336397499482e-06     2.618033988764971e+00    -2.199998424655865e-11    -7.472615999443840e-17
                         0    -2.199938875663533e-11     1.381966011250106e+00    -1.692430344651314e-17
                         0                         0    -7.414501263605475e-23     3.819660112501054e-01

norm (convergence):     2.132059952139035e-11

norm (T):     7.853962418816922e-16

problem4b

i =

     4

k=1     1.000000000000000e+00     7.071067811865475e-01                         0     1.110223024625157e-16
     7.071067811865475e-01     2.000000000000000e+00     1.224744871391589e+00     1.110223024625157e-16
                         0     1.224744871391589e+00     2.333333333333333e+00     4.714045207910317e-01
                         0                         0     4.714045207910317e-01     2.666666666666667e+00

k=2     6.724352153358857e-01     4.699865330546603e-01    -1.778419778528745e-16    -1.921833232825428e-16
     4.699865330546605e-01     1.274263397119451e+00    -6.208231715113793e-01    -3.885780586188048e-16
                         0    -6.208231715113791e-01     3.345411163579949e+00     3.057947468583964e-01
                         0                         0     3.057947468583966e-01     2.707890223964715e+00

k=3     4.697306619598267e-01     2.946551035278073e-01     1.191970488894775e-16     1.173302807901356e-16
     2.946551035278078e-01     1.538199138236024e+00     7.059140303220932e-01     4.163336342344337e-16
                         0     7.059140303220935e-01     3.369028343728800e+00    -7.849668875935251e-02
                         0                         0    -7.849668875935238e-02     2.623041856075350e+00

k=4     4.032043070818687e-01     1.570374824295730e-01    -2.249749268914262e-16    -3.711506010252830e-17
     1.570374824295735e-01     1.865522474927940e+00    -9.383031917665408e-01    -3.400058012914542e-16
                         0    -9.383031917665405e-01     3.112925800550837e+00     2.296348197417441e-02
                         0                         0     2.296348197417466e-02     2.618347417439355e+00

problem4b

i =

     4

k=1norm (convergence):{Undefined function or variable 't'.

Error in <a href="matlab:helpUtils.errorDocCallback('problem4b', '/Users/ediaz/Desktop/toto-stuff/ComputationalAlgebra/hw06/problem4b.m', 40)" style="font-weight:bold">problem4b</a> (<a href="matlab: opentoline('/Users/ediaz/Desktop/toto-stuff/ComputationalAlgebra/hw06/problem4b.m',40,0)">line 40</a>)
    disp(norm(sort(t)-lambda));
} 
problem4b

i =

     4

k=1norm (convergence):     1.322908261075818e+00

     1.000000000000000e+00     7.071067811865475e-01                         0     1.110223024625157e-16
     7.071067811865475e-01     2.000000000000000e+00     1.224744871391589e+00     1.110223024625157e-16
                         0     1.224744871391589e+00     2.333333333333333e+00     4.714045207910317e-01
                         0                         0     4.714045207910317e-01     2.666666666666667e+00

k=2norm (convergence):     4.223382050246310e-01

     6.724352153358857e-01     4.699865330546603e-01    -1.778419778528745e-16    -1.921833232825428e-16
     4.699865330546605e-01     1.274263397119451e+00    -6.208231715113793e-01    -3.885780586188048e-16
                         0    -6.208231715113791e-01     3.345411163579949e+00     3.057947468583964e-01
                         0                         0     3.057947468583966e-01     2.707890223964715e+00

k=3norm (convergence):     3.068229356966624e-01

     4.697306619598267e-01     2.946551035278073e-01     1.191970488894775e-16     1.173302807901356e-16
     2.946551035278078e-01     1.538199138236024e+00     7.059140303220932e-01     4.163336342344337e-16
                         0     7.059140303220935e-01     3.369028343728800e+00    -7.849668875935251e-02
                         0                         0    -7.849668875935238e-02     2.623041856075350e+00

k=4norm (convergence):     6.995800874794308e-01

     4.032043070818687e-01     1.570374824295730e-01    -2.249749268914262e-16    -3.711506010252830e-17
     1.570374824295735e-01     1.865522474927940e+00    -9.383031917665408e-01    -3.400058012914542e-16
                         0    -9.383031917665405e-01     3.112925800550837e+00     2.296348197417441e-02
                         0                         0     2.296348197417466e-02     2.618347417439355e+00

problem4b

i =

     4

k=1norm (convergence):     1.322908261075818e+00

     1.000000000000000e+00     7.071067811865475e-01                         0     1.110223024625157e-16
     7.071067811865475e-01     2.000000000000000e+00     1.224744871391589e+00     1.110223024625157e-16
                         0     1.224744871391589e+00     2.333333333333333e+00     4.714045207910317e-01
                         0                         0     4.714045207910317e-01     2.666666666666667e+00

k=2norm (convergence):     4.223382050246310e-01

     6.724352153358857e-01     4.699865330546603e-01    -1.778419778528745e-16    -1.921833232825428e-16
     4.699865330546605e-01     1.274263397119451e+00    -6.208231715113793e-01    -3.885780586188048e-16
                         0    -6.208231715113791e-01     3.345411163579949e+00     3.057947468583964e-01
                         0                         0     3.057947468583966e-01     2.707890223964715e+00

k=3norm (convergence):     3.068229356966624e-01

     4.697306619598267e-01     2.946551035278073e-01     1.191970488894775e-16     1.173302807901356e-16
     2.946551035278078e-01     1.538199138236024e+00     7.059140303220932e-01     4.163336342344337e-16
                         0     7.059140303220935e-01     3.369028343728800e+00    -7.849668875935251e-02
                         0                         0    -7.849668875935238e-02     2.623041856075350e+00

k=4norm (convergence):     6.995800874794308e-01

     4.032043070818687e-01     1.570374824295730e-01    -2.249749268914262e-16    -3.711506010252830e-17
     1.570374824295735e-01     1.865522474927940e+00    -9.383031917665408e-01    -3.400058012914542e-16
                         0    -9.383031917665405e-01     3.112925800550837e+00     2.296348197417441e-02
                         0                         0     2.296348197417466e-02     2.618347417439355e+00

problem4b

i =

     4

k=1norm (convergence):     1.322908261075818e+00

     1.000000000000000e+00     7.071067811865475e-01                         0     1.110223024625157e-16
     7.071067811865475e-01     2.000000000000000e+00     1.224744871391589e+00     1.110223024625157e-16
                         0     1.224744871391589e+00     2.333333333333333e+00     4.714045207910317e-01
                         0                         0     4.714045207910317e-01     2.666666666666667e+00

k=2norm (convergence):     4.084595464815976e-01

     6.666666666666670e-01     4.714045207910319e-01     1.778445129187947e-16     8.352931325021991e-17
     4.714045207910317e-01     1.333333333333333e+00    -7.071067811865470e-01     1.110223024625157e-16
                         0    -7.071067811865474e-01     3.333333333333333e+00     2.357022603955159e-01
                         0                         0     2.357022603955160e-01     2.666666666666667e+00

k=3norm (convergence):     1.772453745196775e-01

     4.865715160530222e-01     3.130658242772984e-01    -4.288983003554976e-17    -4.631167713082147e-17
     3.130658242772982e-01     1.416245069232067e+00     5.490340877299101e-01     6.938893903907228e-17
                         0     5.490340877299098e-01     3.479114745537570e+00    -6.237581946482246e-03
                         0                         0    -6.237581946482479e-03     2.618068669177340e+00

k=4norm (convergence):     1.089869474567017e-01

     4.161807094530419e-01     1.843383255144472e-01     5.585592903356402e-17     5.573997042318755e-17
     1.843383255144469e-01     1.436000022679105e+00    -4.377500613993697e-01     4.336808689942018e-17
                         0    -4.377500613993699e-01     3.529785279117954e+00     6.477965191348245e-08
                         0                         0     6.477965215133550e-08     2.618033988749899e+00

problem4b

i =

     4

k=1norm (convergence):     1.322908261075818e+00

     1.000000000000000e+00     7.071067811865475e-01                         0     1.110223024625157e-16
     7.071067811865475e-01     2.000000000000000e+00     1.224744871391589e+00     1.110223024625157e-16
                         0     1.224744871391589e+00     2.333333333333333e+00     4.714045207910317e-01
                         0                         0     4.714045207910317e-01     2.666666666666667e+00

k=2norm (convergence):     4.084595464815976e-01

     6.666666666666670e-01     4.714045207910319e-01     1.778445129187947e-16     8.352931325021991e-17
     4.714045207910317e-01     1.333333333333333e+00    -7.071067811865470e-01     1.110223024625157e-16
                         0    -7.071067811865474e-01     3.333333333333333e+00     2.357022603955159e-01
                         0                         0     2.357022603955160e-01     2.666666666666667e+00

k=3norm (convergence):     1.772453745196775e-01

     4.865715160530222e-01     3.130658242772984e-01    -4.288983003554976e-17    -4.631167713082147e-17
     3.130658242772982e-01     1.416245069232067e+00     5.490340877299101e-01     6.938893903907228e-17
                         0     5.490340877299098e-01     3.479114745537570e+00    -6.237581946482246e-03
                         0                         0    -6.237581946482479e-03     2.618068669177340e+00

k=4norm (convergence):     1.089869474567017e-01

     4.161807094530419e-01     1.843383255144472e-01     5.585592903356402e-17     5.573997042318755e-17
     1.843383255144469e-01     1.436000022679105e+00    -4.377500613993697e-01     4.336808689942018e-17
                         0    -4.377500613993699e-01     3.529785279117954e+00     6.477965191348245e-08
                         0                         0     6.477965215133550e-08     2.618033988749899e+00

problem4b

i =

     4

k=1norm (convergence):     1.322908261075818e+00

     1.000000000000000e+00     7.071067811865475e-01                         0     1.110223024625157e-16
     7.071067811865475e-01     2.000000000000000e+00     1.224744871391589e+00     1.110223024625157e-16
                         0     1.224744871391589e+00     2.333333333333333e+00     4.714045207910317e-01
                         0                         0     4.714045207910317e-01     2.666666666666667e+00

k=2norm (convergence):     4.084595464815976e-01

     6.666666666666670e-01     4.714045207910319e-01     1.778445129187947e-16     8.352931325021991e-17
     4.714045207910317e-01     1.333333333333333e+00    -7.071067811865470e-01     1.110223024625157e-16
                         0    -7.071067811865474e-01     3.333333333333333e+00     2.357022603955159e-01
                         0                         0     2.357022603955160e-01     2.666666666666667e+00

k=3norm (convergence):     1.772453745196775e-01

     4.865715160530222e-01     3.130658242772984e-01    -4.288983003554976e-17    -4.631167713082147e-17
     3.130658242772982e-01     1.416245069232067e+00     5.490340877299101e-01     6.938893903907228e-17
                         0     5.490340877299098e-01     3.479114745537570e+00    -6.237581946482246e-03
                         0                         0    -6.237581946482479e-03     2.618068669177340e+00

k=4norm (convergence):     1.089869474567017e-01

     4.161807094530419e-01     1.843383255144472e-01     5.585592903356402e-17     5.573997042318755e-17
     1.843383255144469e-01     1.436000022679105e+00    -4.377500613993697e-01     4.336808689942018e-17
                         0    -4.377500613993699e-01     3.529785279117954e+00     6.477965191348245e-08
                         0                         0     6.477965215133550e-08     2.618033988749899e+00

k=5norm (convergence):     7.507720589138296e-02

     3.926282065639506e-01     1.036356503591965e-01    -7.632782960247002e-17    -5.192755382766942e-17
     1.036356503591961e-01     1.428913318461212e+00     3.548553475178062e-01     3.902125278045402e-17
                         0     3.548553475178062e-01     3.560424486224942e+00     2.394632683850546e-16
                         0                         0    -6.336631640687940e-23     2.618033988749895e+00

k=6norm (convergence):     5.137347340932843e-02

     3.852391400492494e-01     5.745491406378925e-02     1.040834085586084e-17     5.368656376484903e-17
     5.745491406378891e-02     1.416545214907660e+00    -2.886049778574527e-01     3.377890677362191e-17
                         0    -2.886049778574528e-01     3.580181656293195e+00    -2.398719545858801e-16
                         0                         0     9.545443168430046e-61     2.618033988749895e+00

k=7norm (convergence):     3.450218744288793e-02

     3.829666321504281e-01     3.173905407275882e-02    -7.112366251504909e-17    -5.279987745857115e-17
     3.173905407275850e-02     1.405847036643831e+00     2.345956209806984e-01     2.193420776415616e-17
                         0     2.345956209806983e-01     3.593152342455844e+00     2.414391843480827e-16
                         0                         0   -2.187001418195531e-136     2.618033988749895e+00

k=8norm (convergence):     2.289563489006680e-02

     3.822716198645018e-01     1.752329512146806e-02    -1.040834085586084e-17     5.310599973307542e-17
     1.752329512146773e-02     1.398000702148797e+00    -1.904585471380794e-01     2.509958689083533e-17
                         0    -1.904585471380795e-01     3.601693689236805e+00    -2.410634352173899e-16
                         0                         0    1.148565975394209e-287     2.618033988749895e+00

k=9norm (convergence):     1.509532854742030e-02

     3.820593434992015e-01     9.676452591280976e-03    -6.114900252818245e-17    -5.290765099018124e-17
     9.676452591280655e-03     1.392593048269065e+00     1.544578857476773e-01     1.197749508752945e-17
                         0     1.544578857476772e-01     3.607313619481838e+00     2.421138912716041e-16
                         0                         0                         0     2.618033988749895e+00

k=10norm (convergence):     9.918855995842040e-03

     3.819945182479758e-01     5.344925495525069e-03     1.984089975648473e-17     5.295898914501277e-17
     5.344925495524738e-03     1.388965404637521e+00     1.251623342614883e-01     1.862224313378945e-17
                         0     1.251623342614883e-01     3.611006088364607e+00     2.416823820594981e-16
                         0                         0                         0     2.618033988749895e+00

k=11norm (convergence):     6.505962168999709e-03

     3.819747194565113e-01     2.953055957082012e-03    -5.339695699491109e-17    -5.291432422446549e-17
     2.953055957081683e-03     1.386562060933265e+00     1.013675271280074e-01     5.833129091146682e-18
                         0     1.013675271280073e-01     3.613429230860328e+00     2.423383278918606e-16
                         0                         0                         0     2.618033988749895e+00

k=12norm (convergence):     4.263368892848144e-03

     3.819686716714097e-01     1.631838234880822e-03     2.626479762846134e-17     5.292198160641048e-17
     1.631838234880489e-03     1.384979337213857e+00     8.206619245658557e-02     1.413689133602647e-17
                         0     8.206619245658561e-02     3.615018002364838e+00     2.419942735577702e-16
                         0                         0                         0     2.618033988749895e+00

k=13norm (convergence):     2.792364966346664e-03

     3.819668240868421e-01     9.018494540609007e-04    -4.837574568358760e-17    -5.291165068026891e-17
     9.018494540605703e-04     1.383940104909506e+00     6.642383629254105e-02     1.926225327944641e-18
                         0     6.642383629254099e-02     3.616059082253756e+00     2.424014503810238e-16
                         0                         0                         0     2.618033988749895e+00

k=14norm (convergence):     1.828384332331733e-03

     3.819662596076143e-01     4.984543318892310e-04     3.056433686872417e-17     5.291242326093142e-17
     4.984543318888985e-04     1.383258750013466e+00     5.375439984275433e-02     1.112602471864218e-17
                         0     5.375439984275441e-02     3.616741001629023e+00     2.421534705660131e-16
                         0                         0                         0     2.618033988749895e+00

diag(T1)

ans =

     3.819662596076143e-01
     1.383258750013466e+00
     3.616741001629023e+00
     2.618033988749895e+00

lambda

lambda =

     3.819660112501051e-01
     1.381966011250105e+00
     2.618033988749895e+00
     3.618033988749894e+00

sort(diag(T1))

ans =

     3.819662596076143e-01
     1.383258750013466e+00
     2.618033988749895e+00
     3.616741001629023e+00

problem4b

i =

     4

k=1norm (convergence):     1.322908261075818e+00

     1.000000000000000e+00     7.071067811865475e-01                         0     1.110223024625157e-16
     7.071067811865475e-01     2.000000000000000e+00     1.224744871391589e+00     1.110223024625157e-16
                         0     1.224744871391589e+00     2.333333333333333e+00     4.714045207910317e-01
                         0                         0     4.714045207910317e-01     2.666666666666667e+00

k=2norm (convergence):     4.084595464815976e-01

     6.666666666666670e-01     4.714045207910319e-01     1.778445129187947e-16     8.352931325021991e-17
     4.714045207910317e-01     1.333333333333333e+00    -7.071067811865470e-01     1.110223024625157e-16
                         0    -7.071067811865474e-01     3.333333333333333e+00     2.357022603955159e-01
                         0                         0     2.357022603955160e-01     2.666666666666667e+00

k=3norm (convergence):     1.772453745196775e-01

     4.865715160530222e-01     3.130658242772984e-01    -4.288983003554976e-17    -4.631167713082147e-17
     3.130658242772982e-01     1.416245069232067e+00     5.490340877299101e-01     6.938893903907228e-17
                         0     5.490340877299098e-01     3.479114745537570e+00    -6.237581946482246e-03
                         0                         0    -6.237581946482479e-03     2.618068669177340e+00

k=4norm (convergence):     1.089869474567017e-01

     4.161807094530419e-01     1.843383255144472e-01     5.585592903356402e-17     5.573997042318755e-17
     1.843383255144469e-01     1.436000022679105e+00    -4.377500613993697e-01     4.336808689942018e-17
                         0    -4.377500613993699e-01     3.529785279117954e+00     6.477965191348245e-08
                         0                         0     6.477965215133550e-08     2.618033988749899e+00

k=5norm (convergence):     7.507720589138296e-02

     3.926282065639506e-01     1.036356503591965e-01    -7.632782960247002e-17    -5.192755382766942e-17
     1.036356503591961e-01     1.428913318461212e+00     3.548553475178062e-01     3.902125278045402e-17
                         0     3.548553475178062e-01     3.560424486224942e+00     2.394632683850546e-16
                         0                         0    -6.336631640687940e-23     2.618033988749895e+00

k=6norm (convergence):     5.137347340932843e-02

     3.852391400492494e-01     5.745491406378925e-02     1.040834085586084e-17     5.368656376484903e-17
     5.745491406378891e-02     1.416545214907660e+00    -2.886049778574527e-01     3.377890677362191e-17
                         0    -2.886049778574528e-01     3.580181656293195e+00    -2.398719545858801e-16
                         0                         0     9.545443168430046e-61     2.618033988749895e+00

k=7norm (convergence):     3.450218744288793e-02

     3.829666321504281e-01     3.173905407275882e-02    -7.112366251504909e-17    -5.279987745857115e-17
     3.173905407275850e-02     1.405847036643831e+00     2.345956209806984e-01     2.193420776415616e-17
                         0     2.345956209806983e-01     3.593152342455844e+00     2.414391843480827e-16
                         0                         0   -2.187001418195531e-136     2.618033988749895e+00

k=8norm (convergence):     2.289563489006680e-02

     3.822716198645018e-01     1.752329512146806e-02    -1.040834085586084e-17     5.310599973307542e-17
     1.752329512146773e-02     1.398000702148797e+00    -1.904585471380794e-01     2.509958689083533e-17
                         0    -1.904585471380795e-01     3.601693689236805e+00    -2.410634352173899e-16
                         0                         0    1.148565975394209e-287     2.618033988749895e+00

k=9norm (convergence):     1.509532854742030e-02

     3.820593434992015e-01     9.676452591280976e-03    -6.114900252818245e-17    -5.290765099018124e-17
     9.676452591280655e-03     1.392593048269065e+00     1.544578857476773e-01     1.197749508752945e-17
                         0     1.544578857476772e-01     3.607313619481838e+00     2.421138912716041e-16
                         0                         0                         0     2.618033988749895e+00

k=10norm (convergence):     9.918855995842040e-03

     3.819945182479758e-01     5.344925495525069e-03     1.984089975648473e-17     5.295898914501277e-17
     5.344925495524738e-03     1.388965404637521e+00     1.251623342614883e-01     1.862224313378945e-17
                         0     1.251623342614883e-01     3.611006088364607e+00     2.416823820594981e-16
                         0                         0                         0     2.618033988749895e+00

k=11norm (convergence):     6.505962168999709e-03

     3.819747194565113e-01     2.953055957082012e-03    -5.339695699491109e-17    -5.291432422446549e-17
     2.953055957081683e-03     1.386562060933265e+00     1.013675271280074e-01     5.833129091146682e-18
                         0     1.013675271280073e-01     3.613429230860328e+00     2.423383278918606e-16
                         0                         0                         0     2.618033988749895e+00

k=12norm (convergence):     4.263368892848144e-03

     3.819686716714097e-01     1.631838234880822e-03     2.626479762846134e-17     5.292198160641048e-17
     1.631838234880489e-03     1.384979337213857e+00     8.206619245658557e-02     1.413689133602647e-17
                         0     8.206619245658561e-02     3.615018002364838e+00     2.419942735577702e-16
                         0                         0                         0     2.618033988749895e+00

k=13norm (convergence):     2.792364966346664e-03

     3.819668240868421e-01     9.018494540609007e-04    -4.837574568358760e-17    -5.291165068026891e-17
     9.018494540605703e-04     1.383940104909506e+00     6.642383629254105e-02     1.926225327944641e-18
                         0     6.642383629254099e-02     3.616059082253756e+00     2.424014503810238e-16
                         0                         0                         0     2.618033988749895e+00

k=14norm (convergence):     1.828384332331733e-03

     3.819662596076143e-01     4.984543318892310e-04     3.056433686872417e-17     5.291242326093142e-17
     4.984543318888985e-04     1.383258750013466e+00     5.375439984275433e-02     1.112602471864218e-17
                         0     5.375439984275441e-02     3.616741001629023e+00     2.421534705660131e-16
                         0                         0                         0     2.618033988749895e+00

k=15norm (convergence):     1.196993350907291e-03

     3.819660871367319e-01     2.755113008423026e-04    -4.502149521246057e-17    -5.290994178210913e-17
     2.755113008419715e-04     1.382812375419702e+00     4.349690895001023e-02    -5.954050045320149e-19
                         0     4.349690895001015e-02     3.617187548693670e+00     2.424087453497566e-16
                         0                         0                         0     2.618033988749895e+00

k=16norm (convergence):     7.835634916966734e-04

     3.819660344380571e-01     1.522889500993770e-04     3.334938119929631e-17     5.290986801920720e-17
     1.522889500990444e-04     1.382520062714234e+00     3.519434040894190e-02     9.132409315285161e-18
                         0     3.519434040894197e-02     3.617479914097813e+00     2.422374067621203e-16
                         0                         0                         0     2.618033988749895e+00

k=17norm (convergence):     5.128985881285986e-04

     3.819660183355245e-01     8.417965901635030e-05    -4.281031570365322e-17    -5.290924592746603e-17
     8.417965901601887e-05     1.382328681777070e+00     2.847525701260978e-02    -2.234831246986202e-18
                         0     2.847525701260969e-02     3.617671311137510e+00     2.423993265115090e-16
                         0                         0                         0     2.618033988749895e+00

k=18norm (convergence):     3.357170437791020e-04

     3.819660134151781e-01     4.653206746054076e-05     3.516605511291997e-17     5.290916175687249e-17
     4.653206746020841e-05     1.382203397965777e+00     2.303825777534457e-02     7.820531126057202e-18
                         0     2.303825777534465e-02     3.617796599869149e+00     2.422834624229236e-16
                         0                         0                         0     2.618033988749895e+00

k=19norm (convergence):     2.197382514836005e-04

     3.819660119116834e-01     2.572182257109804e-05    -4.135596013321759e-17    -5.290899900193731e-17
     2.572182257076639e-05     1.382121389327024e+00     1.863902570038770e-02    -3.304428551231836e-18
                         0     1.863902570038763e-02     3.617878610011395e+00     2.423871589938534e-16
                         0                         0                         0     2.618033988749895e+00

k=20norm (convergence):     1.438241687813298e-04

     3.819660114522629e-01     1.421850314568646e-05     3.635089538745113e-17     5.290896098710361e-17
     1.421850314535422e-05     1.382067710194069e+00     1.507965056896984e-02     6.959731167869364e-18
                         0     1.507965056896991e-02     3.617932289603771e+00     2.423097609628735e-16
                         0                         0                         0     2.618033988749895e+00

k=21norm (convergence):     9.413566962967162e-05

     3.819660113118775e-01     7.859733480302085e-06    -4.040193633681323e-17    -5.290891673113632e-17
     7.859733479970307e-06     1.382032575189565e+00     1.219988528013687e-02    -4.003421570387510e-18
                         0     1.219988528013680e-02     3.617967424748661e+00     2.423766395810788e-16
                         0                         0                         0     2.618033988749895e+00

k=22norm (convergence):     6.161324457545287e-05

     3.819660112689793e-01     4.344731468929467e-06     3.712555333982949e-17     5.290890265886406e-17
     4.344731468597306e-06     1.382009578383718e+00     9.870016031035033e-03     6.395661547566711e-18
                         0     9.870016031035100e-03     3.617990421597407e+00     2.423253181187483e-16
                         0                         0                         0     2.618033988749895e+00

k=23norm (convergence):     4.032666822973787e-05

     3.819660112558712e-01     2.401700403849176e-06    -3.977681940429465e-17    -5.290889023184682e-17
     2.401700403517321e-06     1.381994526507790e+00     7.985064455231814e-03    -4.460583676275525e-18
                         0     7.985064455231746e-03     3.618005473486443e+00     2.423686629831713e-16
                         0                         0                         0     2.618033988749895e+00

k=24norm (convergence):     2.639426473161815e-05

     3.819660112518659e-01     1.327624406417067e-06     3.763226598510600e-17     5.290888544082347e-17
     1.327624406084963e-06     1.381984674812800e+00     6.460081307601286e-03     6.026265246665855e-18
                         0     6.460081307601356e-03     3.618015325185437e+00     2.423347895724743e-16
                         0                         0                         0     2.618033988749895e+00

k=25norm (convergence):     1.727532079502922e-05

     3.819660112506420e-01     7.338916641426243e-07    -3.936747667046360e-17    -5.290888186282953e-17
     7.338916638107209e-07     1.381978226746318e+00     5.226330633951748e-03    -4.759694448993311e-18
                         0     5.226330633951679e-03     3.618021773253144e+00     2.423629753021821e-16
                         0                         0                         0     2.618033988749895e+00

k=26norm (convergence):     1.130686572549685e-05

     3.819660112502685e-01     4.056849516176661e-07     3.796379563191904e-17     5.290888030066482e-17
     4.056849512855994e-07     1.381974006411452e+00     4.228198281381615e-03     5.784427016235669e-18
                         0     4.228198281381684e-03     3.618025993588384e+00     2.423406838687481e-16
                         0                         0                         0     2.618033988749895e+00

k=27norm (convergence):     7.400448876450730e-06

     3.819660112501539e-01     2.242569873981588e-07    -3.909948214611530e-17    -5.290887925120794e-17
     2.242569870662239e-07     1.381971244157665e+00     3.420688490870843e-03    -4.955431297001228e-18
                         0     3.420688490870775e-03     3.618028755842285e+00     2.423590527824173e-16
                         0                         0                         0     2.618033988749895e+00

k=28norm (convergence):     4.843660601165450e-06

     3.819660112501193e-01     1.239661637812662e-07     3.818074354819698e-17     5.290887875422363e-17
     1.239661634492243e-07     1.381969436235355e+00     2.767397359097297e-03     5.626121159158117e-18
                         0     2.767397359097365e-03     3.618030563764630e+00     2.423444110727996e-16
                         0                         0                         0     2.618033988749895e+00

k=29norm (convergence):     3.170218702275460e-06

     3.819660112501087e-01     6.852679197288699e-08    -3.892405101931746e-17    -5.290887844231502e-17
     6.852679164093138e-08     1.381968252933245e+00     2.238872678485698e-03    -5.083531854594089e-18
                         0     2.238872678485629e-03     3.618031747066750e+00     2.423563998626989e-16
                         0                         0                         0     2.618033988749895e+00

k=30norm (convergence):     2.074935798528258e-06

     3.819660112501055e-01     3.788067253498033e-08     3.832272258629438e-17     5.290887828652451e-17
     3.788067220295475e-08     1.381967478451278e+00     1.811286672492169e-03     5.522501978159130e-18
                         0     1.811286672492238e-03     3.618032521548720e+00     2.423467945711511e-16
                         0                         0                         0     2.618033988749895e+00

k=31norm (convergence):     1.358063419600086e-06

     3.819660112501047e-01     2.093991854559684e-08    -3.880922026864390e-17    -5.290887819296918e-17
     2.093991821362776e-08     1.381966971545958e+00     1.465362031921456e-03    -5.167371194207433e-18
                         0     1.465362031921386e-03     3.618033028454041e+00     2.423546268422610e-16
                         0                         0                         0     2.618033988749895e+00

k=32norm (convergence):     8.888641797994600e-07

     3.819660112501042e-01     1.157530157311488e-08     3.841564335171886e-17     5.290887814457872e-17
     1.157530124110002e-08     1.381966639771994e+00     1.185502962633797e-03     5.454680165336030e-18
                         0     1.185502962633866e-03     3.618033360228005e+00     2.423483306035443e-16
                         0                         0                         0     2.618033988749895e+00

k=33norm (convergence):     5.817692148712908e-07

     3.819660112501042e-01     6.398669175356716e-09    -3.873405886659916e-17    -5.290887811634186e-17
     6.398668843378855e-09     1.381966422623062e+00     9.590921367920449e-04    -5.222243563500077e-18
                         0     9.590921367919747e-04     3.618033577376937e+00     2.423534506814011e-16
                         0                         0                         0     2.618033988749895e+00

k=34norm (convergence):     3.807729187472983e-07

     3.819660112501042e-01     3.537097363115616e-09     3.847645852661494e-17     5.290887810139803e-17
     3.537097031107798e-09     1.381966280497218e+00     7.759218871540930e-04     5.410289483698941e-18
                         0     7.759218871541629e-04     3.618033719502781e+00     2.423493256732990e-16
                         0                         0                         0     2.618033988749895e+00

k=35norm (convergence):     2.492191209324149e-07

     3.819660112501042e-01     1.955259441507116e-09    -3.868486365373154e-17    -5.290887809283983e-17
     1.955259109523517e-09     1.381966187474635e+00     6.277340191296096e-04    -5.258157588356012e-18
                         0     6.277340191295397e-04     3.618033812525364e+00     2.423526741471647e-16
                         0                         0                         0     2.618033988749895e+00

k=36norm (convergence):     1.631160368005000e-07

     3.819660112501042e-01     1.080840970307995e-09     3.851626168695495e-17     5.290887808824200e-17
     1.080840638304793e-09     1.381966126590561e+00     5.078475032507827e-04     5.381235155353376e-18
                         0     5.078475032508524e-04     3.618033873409439e+00     2.423499725524950e-16
                         0                         0                         0     2.618033988749895e+00

k=37norm (convergence):     1.067608339453692e-07

     3.819660112501042e-01     5.974743369495698e-10    -3.865266439686324e-17    -5.290887808564089e-17
     5.974740049622207e-10     1.381966086741415e+00     4.108572680028157e-04    -5.281663480005336e-18
                         0     4.108572680027461e-04     3.618033913258585e+00     2.423521630172744e-16
                         0                         0                         0     2.618033988749895e+00

k=38norm (convergence):     6.987587397348112e-08

     3.819660112501042e-01     3.302758370593099e-10     3.854231283457091e-17     5.290887808422965e-17
     3.302755050591313e-10     1.381966060659809e+00     3.323905159536335e-04     5.362218762412293e-18
                         0     3.323905159537031e-04     3.618033939340190e+00     2.423503940544783e-16
                         0                         0                         0     2.618033988749895e+00

k=39norm (convergence):     4.573435339777759e-08

     3.819660112501042e-01     1.825721402289783e-10    -3.863158947897404e-17    -5.290887808343763e-17
     1.825718082391760e-10     1.381966043589177e+00     2.689095782285868e-04    -5.297048234349836e-18
                         0     2.689095782285173e-04     3.618033956410823e+00     2.423518272439960e-16
                         0                         0                         0     2.618033988749895e+00

k=40norm (convergence):     2.993352288573831e-08

     3.819660112501042e-01     1.009235451856646e-10     3.855936338576546e-17     5.290887808300514e-17
     1.009232131874656e-10     1.381966032416302e+00     2.175524198240360e-04     5.349772339651630e-18
                         0     2.175524198241056e-04     3.618033967583697e+00     2.423506691231951e-16
                         0                         0                         0     2.618033988749895e+00

problem4b

i =

     4

     1.000000000000000e+00     7.071067811865475e-01                         0     1.110223024625157e-16
     7.071067811865475e-01     2.000000000000000e+00     1.224744871391589e+00     1.110223024625157e-16
                         0     1.224744871391589e+00     2.333333333333333e+00     4.714045207910317e-01
                         0                         0     4.714045207910317e-01     2.666666666666667e+00

T_{4,4}=2.66667     6.666666666666670e-01     4.714045207910319e-01     1.778445129187947e-16     8.352931325021991e-17
     4.714045207910317e-01     1.333333333333333e+00    -7.071067811865470e-01     1.110223024625157e-16
                         0    -7.071067811865474e-01     3.333333333333333e+00     2.357022603955159e-01
                         0                         0     2.357022603955160e-01     2.666666666666667e+00

T_{4,4}=2.66667     4.865715160530222e-01     3.130658242772984e-01    -4.288983003554976e-17    -4.631167713082147e-17
     3.130658242772982e-01     1.416245069232067e+00     5.490340877299101e-01     6.938893903907228e-17
                         0     5.490340877299098e-01     3.479114745537570e+00    -6.237581946482246e-03
                         0                         0    -6.237581946482479e-03     2.618068669177340e+00

T_{4,4}=2.61807     4.161807094530419e-01     1.843383255144472e-01     5.585592903356402e-17     5.573997042318755e-17
     1.843383255144469e-01     1.436000022679105e+00    -4.377500613993697e-01     4.336808689942018e-17
                         0    -4.377500613993699e-01     3.529785279117954e+00     6.477965191348245e-08
                         0                         0     6.477965215133550e-08     2.618033988749899e+00

T_{4,4}=2.61803problem4b

i =

     4

     1.000000000000000e+00     7.071067811865475e-01                         0     1.110223024625157e-16
     7.071067811865475e-01     2.000000000000000e+00     1.224744871391589e+00     1.110223024625157e-16
                         0     1.224744871391589e+00     2.333333333333333e+00     4.714045207910317e-01
                         0                         0     4.714045207910317e-01     2.666666666666667e+00

T_{4,4}=2.66667
     6.666666666666670e-01     4.714045207910319e-01     1.778445129187947e-16     8.352931325021991e-17
     4.714045207910317e-01     1.333333333333333e+00    -7.071067811865470e-01     1.110223024625157e-16
                         0    -7.071067811865474e-01     3.333333333333333e+00     2.357022603955159e-01
                         0                         0     2.357022603955160e-01     2.666666666666667e+00

T_{4,4}=2.66667
     4.865715160530222e-01     3.130658242772984e-01    -4.288983003554976e-17    -4.631167713082147e-17
     3.130658242772982e-01     1.416245069232067e+00     5.490340877299101e-01     6.938893903907228e-17
                         0     5.490340877299098e-01     3.479114745537570e+00    -6.237581946482246e-03
                         0                         0    -6.237581946482479e-03     2.618068669177340e+00

T_{4,4}=2.61807
     4.161807094530419e-01     1.843383255144472e-01     5.585592903356402e-17     5.573997042318755e-17
     1.843383255144469e-01     1.436000022679105e+00    -4.377500613993697e-01     4.336808689942018e-17
                         0    -4.377500613993699e-01     3.529785279117954e+00     6.477965191348245e-08
                         0                         0     6.477965215133550e-08     2.618033988749899e+00

T_{4,4}=2.61803
lambda

lambda =

     3.819660112501051e-01
     1.381966011250105e+00
     2.618033988749895e+00
     3.618033988749894e+00

problem4b

i =

     4

     1.000000000000000e+00     7.071067811865475e-01                         0     1.110223024625157e-16
     7.071067811865475e-01     2.000000000000000e+00     1.224744871391589e+00     1.110223024625157e-16
                         0     1.224744871391589e+00     2.333333333333333e+00     4.714045207910317e-01
                         0                         0     4.714045207910317e-01     2.666666666666667e+00

T_{4,4}=2.66667
     6.666666666666670e-01     4.714045207910319e-01     1.778445129187947e-16     8.352931325021991e-17
     4.714045207910317e-01     1.333333333333333e+00    -7.071067811865470e-01     1.110223024625157e-16
                         0    -7.071067811865474e-01     3.333333333333333e+00     2.357022603955159e-01
                         0                         0     2.357022603955160e-01     2.666666666666667e+00

T_{4,4}=2.66667
     4.865715160530222e-01     3.130658242772984e-01    -4.288983003554976e-17    -4.631167713082147e-17
     3.130658242772982e-01     1.416245069232067e+00     5.490340877299101e-01     6.938893903907228e-17
                         0     5.490340877299098e-01     3.479114745537570e+00    -6.237581946482246e-03
                         0                         0    -6.237581946482479e-03     2.618068669177340e+00

T_{4,4}=2.61807
     4.161807094530419e-01     1.843383255144472e-01     5.585592903356402e-17     5.573997042318755e-17
     1.843383255144469e-01     1.436000022679105e+00    -4.377500613993697e-01     4.336808689942018e-17
                         0    -4.377500613993699e-01     3.529785279117954e+00     6.477965191348245e-08
                         0                         0     6.477965215133550e-08     2.618033988749899e+00

T_{4,4}=2.61803
     2.618033988749895e+00

ans =

     2.618033988749895e+00

2.618033988749895e+00

ans =

     2.618033988749895e+00

problem4b

i =

     4

     1.000000000000000e+00     7.071067811865475e-01                         0     1.110223024625157e-16
     7.071067811865475e-01     2.000000000000000e+00     1.224744871391589e+00     1.110223024625157e-16
                         0     1.224744871391589e+00     2.333333333333333e+00     4.714045207910317e-01
                         0                         0     4.714045207910317e-01     2.666666666666667e+00

T_{4,4}=     6.666666666666670e-01     4.714045207910319e-01     1.778445129187947e-16     8.352931325021991e-17
     4.714045207910317e-01     1.333333333333333e+00    -7.071067811865470e-01     1.110223024625157e-16
                         0    -7.071067811865474e-01     3.333333333333333e+00     2.357022603955159e-01
                         0                         0     2.357022603955160e-01     2.666666666666667e+00

T_{4,4}=     4.865715160530222e-01     3.130658242772984e-01    -4.288983003554976e-17    -4.631167713082147e-17
     3.130658242772982e-01     1.416245069232067e+00     5.490340877299101e-01     6.938893903907228e-17
                         0     5.490340877299098e-01     3.479114745537570e+00    -6.237581946482246e-03
                         0                         0    -6.237581946482479e-03     2.618068669177340e+00

T_{4,4}=     4.161807094530419e-01     1.843383255144472e-01     5.585592903356402e-17     5.573997042318755e-17
     1.843383255144469e-01     1.436000022679105e+00    -4.377500613993697e-01     4.336808689942018e-17
                         0    -4.377500613993699e-01     3.529785279117954e+00     6.477965191348245e-08
                         0                         0     6.477965215133550e-08     2.618033988749899e+00

T_{4,4}=problem4b

i =

     4

     1.000000000000000e+00     7.071067811865475e-01                         0     1.110223024625157e-16
     7.071067811865475e-01     2.000000000000000e+00     1.224744871391589e+00     1.110223024625157e-16
                         0     1.224744871391589e+00     2.333333333333333e+00     4.714045207910317e-01
                         0                         0     4.714045207910317e-01     2.666666666666667e+00

T_{4,4}=2.666667e+00
     6.666666666666670e-01     4.714045207910319e-01     1.778445129187947e-16     8.352931325021991e-17
     4.714045207910317e-01     1.333333333333333e+00    -7.071067811865470e-01     1.110223024625157e-16
                         0    -7.071067811865474e-01     3.333333333333333e+00     2.357022603955159e-01
                         0                         0     2.357022603955160e-01     2.666666666666667e+00

T_{4,4}=2.666667e+00
     4.865715160530222e-01     3.130658242772984e-01    -4.288983003554976e-17    -4.631167713082147e-17
     3.130658242772982e-01     1.416245069232067e+00     5.490340877299101e-01     6.938893903907228e-17
                         0     5.490340877299098e-01     3.479114745537570e+00    -6.237581946482246e-03
                         0                         0    -6.237581946482479e-03     2.618068669177340e+00

T_{4,4}=2.618069e+00
     4.161807094530419e-01     1.843383255144472e-01     5.585592903356402e-17     5.573997042318755e-17
     1.843383255144469e-01     1.436000022679105e+00    -4.377500613993697e-01     4.336808689942018e-17
                         0    -4.377500613993699e-01     3.529785279117954e+00     6.477965191348245e-08
                         0                         0     6.477965215133550e-08     2.618033988749899e+00

T_{4,4}=2.618034e+00
     2.618033988749895e+00

ans =

     2.618033988749895e+00

T1(4,4)

ans =

     2.618033988749899e+00

problem4b

i =

     4

     1.000000000000000e+00     7.071067811865475e-01                         0     1.110223024625157e-16
     7.071067811865475e-01     2.000000000000000e+00     1.224744871391589e+00     1.110223024625157e-16
                         0     1.224744871391589e+00     2.333333333333333e+00     4.714045207910317e-01
                         0                         0     4.714045207910317e-01     2.666666666666667e+00

T_{4,4}     2.666666666666667e+00

     6.666666666666670e-01     4.714045207910319e-01     1.778445129187947e-16     8.352931325021991e-17
     4.714045207910317e-01     1.333333333333333e+00    -7.071067811865470e-01     1.110223024625157e-16
                         0    -7.071067811865474e-01     3.333333333333333e+00     2.357022603955159e-01
                         0                         0     2.357022603955160e-01     2.666666666666667e+00

T_{4,4}     2.666666666666667e+00

     4.865715160530222e-01     3.130658242772984e-01    -4.288983003554976e-17    -4.631167713082147e-17
     3.130658242772982e-01     1.416245069232067e+00     5.490340877299101e-01     6.938893903907228e-17
                         0     5.490340877299098e-01     3.479114745537570e+00    -6.237581946482246e-03
                         0                         0    -6.237581946482479e-03     2.618068669177340e+00

T_{4,4}     2.618068669177340e+00

     4.161807094530419e-01     1.843383255144472e-01     5.585592903356402e-17     5.573997042318755e-17
     1.843383255144469e-01     1.436000022679105e+00    -4.377500613993697e-01     4.336808689942018e-17
                         0    -4.377500613993699e-01     3.529785279117954e+00     6.477965191348245e-08
                         0                         0     6.477965215133550e-08     2.618033988749899e+00

T_{4,4}     2.618033988749899e+00


ans =

     2.618033988749895e+00

 2.618033988749899e+00- 2.618033988749895e+00

ans =

     3.996802888650564e-15

problem4b

i =

     4

     1.000000000000000e+00     7.071067811865475e-01                         0     1.110223024625157e-16
     7.071067811865475e-01     2.000000000000000e+00     1.224744871391589e+00     1.110223024625157e-16
                         0     1.224744871391589e+00     2.333333333333333e+00     4.714045207910317e-01
                         0                         0     4.714045207910317e-01     2.666666666666667e+00

T_{4,4}
ans =

     4.863267791677162e-02

     6.666666666666670e-01     4.714045207910319e-01     1.778445129187947e-16     8.352931325021991e-17
     4.714045207910317e-01     1.333333333333333e+00    -7.071067811865470e-01     1.110223024625157e-16
                         0    -7.071067811865474e-01     3.333333333333333e+00     2.357022603955159e-01
                         0                         0     2.357022603955160e-01     2.666666666666667e+00

T_{4,4}
ans =

     4.863267791677162e-02

     4.865715160530222e-01     3.130658242772984e-01    -4.288983003554976e-17    -4.631167713082147e-17
     3.130658242772982e-01     1.416245069232067e+00     5.490340877299101e-01     6.938893903907228e-17
                         0     5.490340877299098e-01     3.479114745537570e+00    -6.237581946482246e-03
                         0                         0    -6.237581946482479e-03     2.618068669177340e+00

T_{4,4}
ans =

     3.468042744492195e-05

     4.161807094530419e-01     1.843383255144472e-01     5.585592903356402e-17     5.573997042318755e-17
     1.843383255144469e-01     1.436000022679105e+00    -4.377500613993697e-01     4.336808689942018e-17
                         0    -4.377500613993699e-01     3.529785279117954e+00     6.477965191348245e-08
                         0                         0     6.477965215133550e-08     2.618033988749899e+00

T_{4,4}
ans =

     3.996802888650564e-15

problem5
clear
problem5
H

H =

    -2.000000000000000e+00     4.041451884327414e+00     8.164965809277331e-01
     6.922665670979466e-15     9.999999999999893e-01     1.414213562373094e+00
                         0                         0    -3.845925372767132e-16

problem5

H1 =

     5.372281323269015e+00    -4.490731195102502e+00     2.151146814216047e+00
     2.316315201259802e-57    -3.722813232690139e-01    -4.537628422661775e-01
                         0                         0    -2.719479911021039e-16


H2 =

    -2.000000000000000e+00     4.041451884327414e+00     8.164965809277331e-01
     6.922665670979466e-15     9.999999999999893e-01     1.414213562373094e+00
                         0                         0    -3.845925372767132e-16

problem5

H1 =

     5.372281323269015e+00    -4.490731195102502e+00     2.151146814216047e+00
     2.316315201259802e-57    -3.722813232690139e-01    -4.537628422661775e-01
                         0                         0    -2.719479911021039e-16


H2 =

    -2.000000000000000e+00     4.041451884327414e+00     8.164965809277331e-01
     6.922665670979466e-15     9.999999999999893e-01     1.414213562373094e+00
                         0                         0    -3.845925372767132e-16

eig(H_1)

ans =

     5.372281323269015e+00
    -9.582024216914014e-16
    -3.722813232690133e-01

eig(H_2)

ans =

    -2.000000000000000e+00
     1.000000000000000e+00
    -4.053773627492229e-16

help eig
 <strong>eig</strong>    Eigenvalues and eigenvectors.
    E = <strong>eig</strong>(X) is a vector containing the eigenvalues of a square 
    matrix X.
 
    [V,D] = <strong>eig</strong>(X) produces a diagonal matrix D of eigenvalues and a
    full matrix V whose columns are the corresponding eigenvectors so
    that X*V = V*D.
 
    [V,D] = <strong>eig</strong>(X,'nobalance') performs the computation with balancing
    disabled, which sometimes gives more accurate results for certain
    problems with unusual scaling. If X is symmetric, <strong>eig</strong>(X,'nobalance')
    is ignored since X is already balanced.
 
    E = <strong>eig</strong>(A,B) is a vector containing the generalized eigenvalues
    of square matrices A and B.
 
    [V,D] = <strong>eig</strong>(A,B) produces a diagonal matrix D of generalized
    eigenvalues and a full matrix V whose columns are the
    corresponding eigenvectors so that A*V = B*V*D.
 
    <strong>eig</strong>(A,B,'chol') is the same as <strong>eig</strong>(A,B) for symmetric A and symmetric
    positive definite B.  It computes the generalized eigenvalues of A and B
    using the Cholesky factorization of B.
    <strong>eig</strong>(A,B,'qz') ignores the symmetry of A and B and uses the QZ algorithm.
    In general, the two algorithms return the same result, however using the
    QZ algorithm may be more stable for certain problems.
    The flag is ignored when A and B are not symmetric.
 
    See also <a href="matlab:help condeig">condeig</a>, <a href="matlab:help eigs">eigs</a>, <a href="matlab:help ordeig">ordeig</a>.

    Overloaded methods:
       <a href="matlab:help codistributed/eig">codistributed/eig</a>
       <a href="matlab:help sym/eig">sym/eig</a>

    Reference page in Help browser
       <a href="matlab:doc eig">doc eig</a>

