0.950281  0.0773086
0.950281  0.489621
0.927921  1.62348
0.860843  4.17466
0.793764  7.21547
0.749045  8.60702
0.726685  9.6378
0.726685  9.97281
0.693146  10.3336
0.659607  10.7459
0.648427  10.9778
0.614888  11.4159
0.603708  11.7251
0.603708  11.854
0.603708  12.0086
0.581348  12.1632
0.49191  12.3436
0.447191  12.4982
0.402472  12.9878
0.346573  13.194
0.301854  13.6063
0.301854  13.7352
0.268315  14.0444
0.257135  14.2248
0.212416  14.6113
0.178876  14.9721
0.156517  15.539
0.156517  16.0029
0.122978  16.8275
0.167697  17.214
0.167697  17.3944
0.156517  17.5233
0.212416  18.5283
0.167697  19.3014
0.122978  20.461
0.100618  21.2341
0.0558989  21.6206
0.0223595  21.8783
